7.305470108985900879e-01 9.999029040336608887e-01 9.664627909660339355e-01 9.963656067848205566e-01
7.784283757209777832e-01 9.998819231986999512e-01 9.644312858581542969e-01 9.969435334205627441e-01
8.177032470703125000e-01 9.999038577079772949e-01 9.533593654632568359e-01 9.975438714027404785e-01
8.568890094757080078e-01 9.998858571052551270e-01 9.593227505683898926e-01 9.975485205650329590e-01
9.040874242782592773e-01 9.998058080673217773e-01 9.524970054626464844e-01 9.981215596199035645e-01
9.660890102386474609e-01 9.998569488525390625e-01 9.504029154777526855e-01 9.965736269950866699e-01
9.803286194801330566e-01 9.997661709785461426e-01 9.697599411010742188e-01 9.945151805877685547e-01
9.946255683898925781e-01 9.996252655982971191e-01 9.660324454307556152e-01 9.913325905799865723e-01
9.966863989830017090e-01 9.993166923522949219e-01 9.854106903076171875e-01 9.813392758369445801e-01
9.990875124931335449e-01 9.970827698707580566e-01 9.916197657585144043e-01 9.534614682197570801e-01
9.996281266212463379e-01 9.952657222747802734e-01 9.934976100921630859e-01 9.116325974464416504e-01
9.998584389686584473e-01 9.849219322204589844e-01 9.925750494003295898e-01 8.778485655784606934e-01
9.998903274536132812e-01 9.822775721549987793e-01 9.914187788963317871e-01 8.578879833221435547e-01
9.998573064804077148e-01 9.872072935104370117e-01 9.800038337707519531e-01 9.213648438453674316e-01
9.999302029609680176e-01 9.495495557785034180e-01 9.617586731910705566e-01 9.253681898117065430e-01
9.999029636383056641e-01 9.680402278900146484e-01 9.174876213073730469e-01 9.547114968299865723e-01
9.999203085899353027e-01 8.796793818473815918e-01 8.404317498207092285e-01 9.633657336235046387e-01
9.998642802238464355e-01 8.979758024215698242e-01 8.151350617408752441e-01 9.654806852340698242e-01
9.997330307960510254e-01 6.771113276481628418e-01 9.310898184776306152e-01 9.457393288612365723e-01
9.993609786033630371e-01 5.024151206016540527e-01 9.496557116508483887e-01 9.500001668930053711e-01
9.972224831581115723e-01 9.393985271453857422e-01 9.545210599899291992e-01 9.531795382499694824e-01
9.895753860473632812e-01 9.799308180809020996e-01 9.444512128829956055e-01 9.588329195976257324e-01
9.546286463737487793e-01 9.955486059188842773e-01 9.425733685493469238e-01 9.670238494873046875e-01
9.341152906417846680e-01 9.966422319412231445e-01 9.314559698104858398e-01 9.662389755249023438e-01
9.006095528602600098e-01 9.977051615715026855e-01 9.623013138771057129e-01 9.431921243667602539e-01
8.564260005950927734e-01 9.983718395233154297e-01 9.410064816474914551e-01 9.467644095420837402e-01
8.452572822570800781e-01 9.979426264762878418e-01 9.627552032470703125e-01 9.076419472694396973e-01
8.622158169746398926e-01 9.981195926666259766e-01 9.579910635948181152e-01 8.797364234924316406e-01
8.739385008811950684e-01 9.939979910850524902e-01 9.463037252426147461e-01 8.655828833580017090e-01
8.563500046730041504e-01 9.945689439773559570e-01 9.044714570045471191e-01 8.592090010643005371e-01
9.428417682647705078e-01 9.728330373764038086e-01 8.046498894691467285e-01 8.096844553947448730e-01
9.229407310485839844e-01 9.033485054969787598e-01 7.284439206123352051e-01 7.872459888458251953e-01
9.324378371238708496e-01 4.106226563453674316e-01 8.182064294815063477e-01 7.232472896575927734e-01
8.901023864746093750e-01 3.738358616828918457e-01 7.089172601699829102e-01 7.837072610855102539e-01
7.530960440635681152e-01 7.567473053932189941e-01 5.394908785820007324e-01 8.457659482955932617e-01
6.027557253837585449e-01 8.664431571960449219e-01 8.250315785408020020e-01 7.625294923782348633e-01
5.071601867675781250e-01 8.885179162025451660e-01 8.611869215965270996e-01 6.893545389175415039e-01
5.452265143394470215e-01 7.822294831275939941e-01 8.155930638313293457e-01 6.766998171806335449e-01
7.017133235931396484e-01 4.657723307609558105e-01 5.776208043098449707e-01 5.488047599792480469e-01
7.118632197380065918e-01 4.504675865173339844e-01 3.066301643848419189e-01 4.435933530330657959e-01
6.241330504417419434e-01 3.375560641288757324e-01 1.725649386644363403e-01 4.232518970966339111e-01
3.740286231040954590e-01 3.637696206569671631e-01 6.311757564544677734e-01 3.013247847557067871e-01
2.230165898799896240e-01 4.976213276386260986e-01 5.377420783042907715e-01 2.478938251733779907e-01
2.047496140003204346e-01 4.064004719257354736e-01 1.837501823902130127e-01 3.563201129436492920e-01
9.020160138607025146e-02 1.793886534869670868e-02 8.758126199245452881e-02 3.915407657623291016e-01
-8.887995965778827667e-03 -1.956927180290222168e-01 2.945375628769397736e-02 2.479212284088134766e-01
3.021728247404098511e-02 3.609212487936019897e-02 1.839336007833480835e-01 -1.725075095891952515e-01
1.016154140233993530e-01 -5.816809087991714478e-02 5.777658522129058838e-02 -2.100581675767898560e-01
2.358358353376388550e-02 1.621535569429397583e-01 -1.795020699501037598e-01 -2.456019520759582520e-01
-6.123143434524536133e-02 -2.791105769574642181e-02 -3.844854831695556641e-01 -1.993823349475860596e-01
-3.210925459861755371e-01 -8.783011883497238159e-02 -1.122868731617927551e-01 -1.488457769155502319e-01
-3.982813954353332520e-01 -4.220983982086181641e-01 -1.484581083059310913e-01 -1.295566260814666748e-01
-4.650470912456512451e-01 -3.065800070762634277e-01 -1.430607289075851440e-01 -1.855860203504562378e-01
-4.219883978366851807e-01 -4.997224509716033936e-01 -3.113054037094116211e-01 -1.779970526695251465e-01
-3.437802791595458984e-01 -4.776596128940582275e-01 -4.507672488689422607e-01 -1.653404384851455688e-01
-3.244005143642425537e-01 -2.212273329496383667e-01 -4.171437025070190430e-01 -2.821384668350219727e-01
-2.616914510726928711e-01 3.472865000367164612e-02 -1.980305910110473633e-01 -3.095194399356842041e-01
-2.331160455942153931e-01 -1.018409430980682373e-01 -1.834650337696075439e-01 -3.259314000606536865e-01
-1.301463246345520020e-01 -3.053058683872222900e-01 -1.317903846502304077e-01 -2.211258113384246826e-01
-1.939724683761596680e-01 -3.103333413600921631e-01 -2.030193358659744263e-01 -3.969102501869201660e-01
-7.853133976459503174e-02 -2.916978001594543457e-01 -3.092041015625000000e-01 -1.199603304266929626e-01
-2.149054408073425293e-01 -1.346909850835800171e-01 -1.942803710699081421e-01 -1.038519144058227539e-01
-2.568998932838439941e-01 -1.976573765277862549e-01 -1.453218609094619751e-01 -2.504705786705017090e-01
-1.590724736452102661e-01 -1.104020252823829651e-01 -1.081746742129325867e-01 5.322175100445747375e-02
-2.716490328311920166e-01 -1.210198365151882172e-02 -5.088353529572486877e-02 -5.602707341313362122e-02
-1.695322245359420776e-01 9.708806127309799194e-02 -1.382107939571142197e-02 3.706695279106497765e-03
-3.658876568078994751e-02 -1.875886619091033936e-01 -4.482529684901237488e-02 -1.059054061770439148e-01
6.130770966410636902e-02 -1.870731264352798462e-01 -2.728619240224361420e-02 -7.523400336503982544e-02
9.037280827760696411e-02 -1.023071482777595520e-01 -1.500733047723770142e-01 5.654174368828535080e-03
9.215314686298370361e-02 4.141347855329513550e-02 -9.147996455430984497e-02 7.343538850545883179e-02
-1.306672487407922745e-02 2.432637661695480347e-01 -2.081271959468722343e-03 -1.834697462618350983e-02
-1.499109901487827301e-02 1.393368989229202271e-01 1.690847575664520264e-01 6.475062668323516846e-02
4.659924656152725220e-02 1.254924852401018143e-02 2.905902564525604248e-01 -1.225384417921304703e-02
5.656208470463752747e-02 1.494828611612319946e-01 3.318466246128082275e-01 1.528171300888061523e-01
2.521378397941589355e-01 -1.626826375722885132e-01 -2.150867432355880737e-01 1.551390886306762695e-01
1.254258304834365845e-01 3.088259398937225342e-01 -5.916098132729530334e-02 2.306527048349380493e-01
1.532827913761138916e-01 1.320188343524932861e-01 1.351867318153381348e-01 1.526570916175842285e-01
9.607749991118907928e-03 4.820877686142921448e-02 4.470779895782470703e-01 -4.242653399705886841e-02
1.005041673779487610e-01 2.814504504203796387e-01 1.958169490098953247e-01 1.112103313207626343e-01
1.832098662853240967e-01 2.092087417840957642e-01 -2.568264119327068329e-02 1.733914613723754883e-01
1.736675500869750977e-01 -2.269542776048183441e-02 -4.473749548196792603e-02 2.152896970510482788e-01
8.814858645200729370e-02 1.885581165552139282e-01 1.390020102262496948e-01 1.886511594057083130e-01
1.184085085988044739e-01 -2.437725476920604706e-02 1.416024416685104370e-01 9.450649842619895935e-03
6.877516955137252808e-02 7.641413807868957520e-02 4.430184364318847656e-01 9.733328595757484436e-03
1.329763531684875488e-01 3.689091801643371582e-01 4.843067005276679993e-02 1.951872408390045166e-01
2.405977994203567505e-01 3.201084956526756287e-02 -2.012914717197418213e-01 2.654678821563720703e-01
1.534550786018371582e-01 2.078757882118225098e-01 3.552181273698806763e-02 1.589629948139190674e-01
4.514438286423683167e-02 4.683287814259529114e-02 3.880197107791900635e-01 5.580500513315200806e-02
1.641508936882019043e-02 1.388573646545410156e-01 5.189560055732727051e-01 -7.015603780746459961e-02
1.648002564907073975e-01 1.451956331729888916e-01 -1.760044395923614502e-01 1.624838113784790039e-01
2.024350017309188843e-01 6.951963901519775391e-02 -2.891182303428649902e-01 2.553407251834869385e-01
9.957585483789443970e-02 6.781575083732604980e-02 1.776958853006362915e-01 1.080545112490653992e-01
-7.117469608783721924e-02 1.199806481599807739e-01 2.608173787593841553e-01 -2.406613342463970184e-02
-9.502586908638477325e-03 1.558060050010681152e-01 3.395315110683441162e-01 1.340257227420806885e-01
1.862445324659347534e-01 -4.043634980916976929e-02 -2.303913794457912445e-02 1.617120802402496338e-01
1.967800259590148926e-01 2.229681611061096191e-02 -5.866649374365806580e-02 1.615773439407348633e-01
2.096176892518997192e-01 -2.835988253355026245e-02 2.409843914210796356e-02 3.627468273043632507e-02
2.089007198810577393e-02 3.762409090995788574e-01 3.006596863269805908e-01 4.695449024438858032e-02
9.151106327772140503e-02 4.197491407394409180e-01 2.078566551208496094e-01 1.829313933849334717e-01
1.045969873666763306e-01 1.865149587392807007e-01 5.082248151302337646e-02 1.263322532176971436e-01
1.151274517178535461e-01 -1.472606956958770752e-01 4.149187356233596802e-02 2.498198114335536957e-02
3.501853048801422119e-01 -2.803637981414794922e-01 -6.317090243101119995e-02 2.086805403232574463e-01
1.035866662859916687e-01 5.850852280855178833e-02 1.926711648702621460e-01 1.555285006761550903e-01
-1.818636357784271240e-01 3.916744887828826904e-01 3.963266015052795410e-01 -1.377743855118751526e-02
-1.464153081178665161e-01 5.103690028190612793e-01 2.214945107698440552e-01 1.146319657564163208e-01
1.832299083471298218e-01 2.760956883430480957e-01 -2.745847105979919434e-01 2.038187235593795776e-01
3.900665938854217529e-01 -4.269971251487731934e-01 -1.855237036943435669e-01 1.504957526922225952e-01
2.440255880355834961e-01 -3.399848639965057373e-01 3.155817091464996338e-01 -1.926760375499725342e-01
6.572629511356353760e-02 7.606688141822814941e-02 2.022826373577117920e-01 1.211647912859916687e-01
-1.785940676927566528e-01 4.820194542407989502e-01 1.656646877527236938e-01 3.076436370611190796e-02
-1.197120025753974915e-01 5.642830729484558105e-01 2.556940726935863495e-02 2.968837022781372070e-01
2.807643450796604156e-02 6.707312911748886108e-02 1.355279088020324707e-01 4.268877580761909485e-02
2.556167840957641602e-01 -3.403255641460418701e-01 -2.428887188434600830e-01 1.397240757942199707e-01
2.408983111381530762e-01 -3.339032828807830811e-01 -5.599334090948104858e-02 -8.844544645398855209e-04
1.337528973817825317e-01 -2.504075411707162857e-03 3.432317376136779785e-01 -1.279711537063121796e-02
-1.203610301017761230e-01 4.401566088199615479e-01 2.747842669486999512e-01 7.099491357803344727e-02
-9.177298843860626221e-02 4.680151045322418213e-01 6.901774555444717407e-02 1.264142990112304688e-01
1.819208413362503052e-01 2.039904594421386719e-01 -4.219079390168190002e-02 1.337582767009735107e-01
3.723204135894775391e-01 -3.075707256793975830e-01 -1.128549128770828247e-01 1.873437166213989258e-01
1.747326254844665527e-01 1.014455407857894897e-01 3.052963316440582275e-01 1.219141110777854919e-01
5.255669727921485901e-02 2.040087282657623291e-01 3.098352551460266113e-01 8.560138195753097534e-02
2.126228529959917068e-03 2.579620182514190674e-01 3.545751273632049561e-01 9.800802916288375854e-02
8.976710028946399689e-03 3.383570909500122070e-01 4.868333414196968079e-02 2.217367589473724365e-01
1.658818423748016357e-01 4.703770205378532410e-02 -3.433676660060882568e-01 1.898544132709503174e-01
3.285630643367767334e-01 -1.952051967382431030e-01 -5.628362298011779785e-02 9.373344480991363525e-02
1.503050774335861206e-01 -3.017891943454742432e-01 4.603461623191833496e-01 -1.643008142709732056e-01
1.512380093336105347e-01 -9.219258278608322144e-02 2.923859357833862305e-01 4.730852693319320679e-02
-1.586938947439193726e-01 7.058989405632019043e-01 7.464339584112167358e-02 3.409035503864288330e-01
6.777562946081161499e-02 5.877358913421630859e-01 -1.480560600757598877e-01 3.881189227104187012e-01
-6.094842217862606049e-03 5.619062185287475586e-01 2.081124186515808105e-01 1.141707226634025574e-01
3.506855666637420654e-01 -2.772671580314636230e-01 4.531446397304534912e-01 -3.691447526216506958e-02
4.026877284049987793e-01 -3.162173330783843994e-01 2.431833893060684204e-01 5.403438210487365723e-02
2.351203411817550659e-01 -5.757201835513114929e-02 -1.077244207262992859e-01 1.049802228808403015e-01
1.042956113815307617e-01 1.873784661293029785e-01 1.768875308334827423e-02 2.155884951353073120e-01
-1.676406264305114746e-01 5.669156908988952637e-01 7.437615841627120972e-02 9.416672587394714355e-02
3.075250983238220215e-02 3.892488479614257812e-01 8.654800802469253540e-02 2.944959104061126709e-01
5.127175524830818176e-02 -9.022213518619537354e-02 2.921406328678131104e-01 2.650899253785610199e-02
4.163337051868438721e-01 -3.702654838562011719e-01 2.000544816255569458e-01 8.986443281173706055e-02
2.530701756477355957e-01 8.894080668687820435e-02 5.740719288587570190e-02 1.047334596514701843e-01
2.716875448822975159e-02 4.060432314872741699e-01 4.533864185214042664e-02 2.271406650543212891e-01
-2.325049489736557007e-01 5.541040897369384766e-01 2.139825522899627686e-01 1.585436016321182251e-01
1.412828713655471802e-01 1.915005892515182495e-01 1.712279468774795532e-01 9.373468905687332153e-02
3.798021674156188965e-01 -3.067873716354370117e-01 1.491559594869613647e-01 9.860579157248139381e-04
4.140748381614685059e-01 -2.389265745878219604e-01 -2.274352163076400757e-01 1.118063852190971375e-01
-8.318420499563217163e-02 3.726742267608642578e-01 1.850774586200714111e-01 1.730795353651046753e-01
-2.258107066154479980e-01 3.598204851150512695e-01 3.694365322589874268e-01 2.572328411042690277e-02
1.706960424780845642e-02 2.545114159584045410e-01 6.488825380802154541e-02 9.295488148927688599e-02
2.840620875358581543e-01 -1.724965572357177734e-01 -6.096942350268363953e-02 2.048711925745010376e-01
1.572800576686859131e-01 -6.398005783557891846e-02 -7.584892213344573975e-02 4.760011285543441772e-02
1.850546151399612427e-01 -1.872811019420623779e-01 3.314497172832489014e-01 -6.170950829982757568e-03
-2.082236111164093018e-02 3.733888864517211914e-01 3.194916248321533203e-02 1.576994955539703369e-01
9.011504799127578735e-02 3.051805198192596436e-01 1.645450443029403687e-01 1.932158321142196655e-01
3.202440962195396423e-02 3.646622300148010254e-01 1.380477547645568848e-01 1.165749281644821167e-01
2.287292778491973877e-01 5.135951563715934753e-02 1.405477225780487061e-01 1.140915378928184509e-01
1.285857558250427246e-01 -8.926454931497573853e-02 -2.246019989252090454e-02 -2.168105170130729675e-02
9.842849522829055786e-02 -1.189979910850524902e-01 9.913100302219390869e-02 1.375992894172668457e-01
2.595750093460083008e-01 -1.416054964065551758e-01 1.663565188646316528e-01 1.264473795890808105e-01
-8.578713983297348022e-02 4.713109135627746582e-01 1.031800135970115662e-01 2.422495037317276001e-01
5.104061961174011230e-02 4.137573540210723877e-01 2.443031966686248779e-01 2.339360713958740234e-01
1.296670138835906982e-01 3.063692152500152588e-01 2.267839759588241577e-01 7.282753288745880127e-02
4.508099555969238281e-01 -1.422009915113449097e-01 -1.702873269096016884e-03 1.281705349683761597e-01
7.860102504491806030e-02 1.748909652233123779e-01 1.210227683186531067e-01 -3.412593901157379150e-02
2.152999788522720337e-01 5.044659599661827087e-02 1.563364416360855103e-01 1.116511076688766479e-01
4.342019185423851013e-02 2.151178717613220215e-01 2.503078281879425049e-01 2.137118726968765259e-01
4.148153588175773621e-02 1.101385354995727539e-01 5.408588796854019165e-02 2.940043210983276367e-01
-1.160641163587570190e-01 3.203971982002258301e-01 3.862508758902549744e-02 1.725868731737136841e-01
3.804556727409362793e-01 -1.047603562474250793e-01 1.575899124145507812e-01 1.403470039367675781e-01
1.930012851953506470e-01 7.096195966005325317e-02 2.161585688591003418e-01 3.540205955505371094e-02
9.768139570951461792e-02 3.007348477840423584e-01 2.220407277345657349e-01 6.156862527132034302e-02
1.475112289190292358e-01 1.190913617610931396e-01 1.425977349281311035e-01 -4.430429637432098389e-02
9.669326990842819214e-02 2.001405656337738037e-01 -1.104076728224754333e-01 1.819227933883666992e-01
1.187234967947006226e-01 5.194422230124473572e-02 4.688815772533416748e-02 2.047729641199111938e-01
2.523349821567535400e-01 -8.342687040567398071e-02 -1.263131108134984970e-02 2.836710810661315918e-01
9.415219724178314209e-02 -7.343398034572601318e-02 3.647387325763702393e-01 6.337008625268936157e-02
-1.078424677252769470e-01 2.858069241046905518e-01 3.289939463138580322e-01 -3.725512325763702393e-02
-4.441006854176521301e-02 4.607007205486297607e-01 9.155803918838500977e-02 2.089569568634033203e-01
3.722575604915618896e-01 1.312766075134277344e-01 1.942557096481323242e-02 1.777040511369705200e-01
1.373551934957504272e-01 2.084653973579406738e-01 3.101915121078491211e-02 4.730278998613357544e-02
6.823174655437469482e-02 3.106217272579669952e-02 6.368773430585861206e-02 4.093794524669647217e-02
2.716505825519561768e-01 -1.951659768819808960e-01 1.696161180734634399e-01 5.998098105192184448e-02
-4.221692681312561035e-02 3.914099186658859253e-02 1.261658817529678345e-01 8.918831497430801392e-02
-8.170885033905506134e-03 1.904250234365463257e-01 -1.300559658557176590e-02 2.635218501091003418e-01
1.408150643110275269e-01 1.945267915725708008e-01 3.908409550786018372e-02 3.363391757011413574e-01
1.106260344386100769e-01 1.086038202047348022e-01 2.727782726287841797e-01 -2.356418967247009277e-02
2.484036386013031006e-01 1.388625055551528931e-01 1.864795535802841187e-01 2.445510029792785645e-02
2.583178281784057617e-01 1.226285547018051147e-01 2.225485146045684814e-01 9.660965949296951294e-02
2.440435290336608887e-01 1.434374898672103882e-01 1.351259797811508179e-01 1.372598111629486084e-01
-1.845342805609107018e-03 4.772825539112091064e-01 1.787398904561996460e-01 3.186095952987670898e-01
1.139453500509262085e-01 2.074213325977325439e-01 1.096252650022506714e-01 2.354342937469482422e-01
2.404603362083435059e-01 -4.306723177433013916e-02 1.041853204369544983e-01 1.949910819530487061e-01
8.003533631563186646e-02 1.630532294511795044e-01 2.661513686180114746e-01 8.205426484346389771e-02
2.032867968082427979e-01 5.693733110092580318e-04 2.415987104177474976e-01 1.900976151227951050e-02
2.378641068935394287e-01 1.366964280605316162e-01 -6.978339049965143204e-03 1.809113323688507080e-01
-1.058687493205070496e-01 4.767392575740814209e-01 -3.054228983819484711e-02 2.753910422325134277e-01
2.413047701120376587e-01 1.055766940116882324e-01 2.651063203811645508e-01 1.207772195339202881e-01
3.348962366580963135e-01 -1.304798126220703125e-01 2.517262697219848633e-01 1.119316667318344116e-01
1.799390651285648346e-02 1.739498823881149292e-01 3.366695046424865723e-01 6.749913841485977173e-02
2.001373469829559326e-01 3.131763637065887451e-01 -6.907685846090316772e-02 2.788258790969848633e-01
1.105370149016380310e-01 2.687619924545288086e-01 1.319365054368972778e-01 1.536901742219924927e-01
1.956799179315567017e-01 -1.416013389825820923e-02 1.584361493587493896e-01 1.908235102891921997e-01
1.949671804904937744e-01 6.968276202678680420e-02 2.384983450174331665e-01 8.237605541944503784e-02
-9.075585007667541504e-02 5.009313821792602539e-01 2.953791022300720215e-01 2.703198790550231934e-01
2.360327988862991333e-01 2.151974439620971680e-01 -3.049137443304061890e-02 1.624986082315444946e-01
4.038360714912414551e-01 -1.409631669521331787e-01 7.228612899780273438e-02 8.611665666103363037e-02
3.792091012001037598e-01 -7.334071211516857147e-03 1.552791744470596313e-01 2.037037163972854614e-01
6.427808851003646851e-02 1.142611578106880188e-01 3.570410907268524170e-01 7.230879366397857666e-02
-2.848237752914428711e-01 5.704438090324401855e-01 2.642876207828521729e-01 1.604522466659545898e-01
5.579347163438796997e-02 3.574053347110748291e-01 3.307256475090980530e-02 2.574667930603027344e-01
3.465650379657745361e-01 -1.545050442218780518e-01 8.296774327754974365e-02 2.850250899791717529e-02
4.321790039539337158e-01 -1.082032099366188049e-01 2.041392959654331207e-02 2.649188041687011719e-01
3.619818389415740967e-01 -4.766874946653842926e-03 2.280477583408355713e-01 2.076793611049652100e-01
2.404414564371109009e-01 2.914915084838867188e-01 2.097607105970382690e-01 2.016974389553070068e-01
-5.660020112991333008e-01 7.643948793411254883e-01 5.317013859748840332e-01 6.259592622518539429e-02
1.821518242359161377e-01 4.640301764011383057e-01 1.204676851630210876e-01 2.774563133716583252e-01
5.076008439064025879e-01 -2.099962234497070312e-01 -5.376549437642097473e-02 1.824450045824050903e-01
3.163450360298156738e-01 -1.164098381996154785e-01 4.947363212704658508e-02 1.144102364778518677e-01
3.197494149208068848e-01 -1.054380014538764954e-01 9.312120079994201660e-02 1.459986269474029541e-01
-6.963502615690231323e-02 2.568874359130859375e-01 4.158299565315246582e-01 8.729351311922073364e-02
-8.208312839269638062e-02 4.898149967193603516e-01 3.586269319057464600e-01 1.895599365234375000e-01
-4.127776622772216797e-02 4.934025406837463379e-01 -4.854838177561759949e-02 2.200567424297332764e-01
3.895857930183410645e-01 -1.981283724308013916e-01 -9.220200777053833008e-02 1.187558472156524658e-01
6.113608479499816895e-01 -3.901116549968719482e-01 -4.024960566312074661e-03 1.067201569676399231e-01
-8.076488226652145386e-02 2.613374292850494385e-01 2.965516149997711182e-01 7.643236964941024780e-02
-2.100283801555633545e-01 5.364537239074707031e-01 4.383353292942047119e-01 1.752714365720748901e-01
-1.341972649097442627e-01 3.926170766353607178e-01 1.877143979072570801e-01 9.073501080274581909e-02
3.951550722122192383e-01 1.896323822438716888e-02 -1.412321925163269043e-01 2.278869748115539551e-01
4.676163494586944580e-01 -3.288348019123077393e-01 -2.798574417829513550e-02 1.616528332233428955e-01
3.708724677562713623e-01 -5.836152471601963043e-03 1.140446364879608154e-01 2.250638753175735474e-01
1.249778196215629578e-01 2.593869268894195557e-01 3.886699676513671875e-01 1.562344934791326523e-02
-1.795600801706314087e-01 5.448214411735534668e-01 3.966703116893768311e-01 7.891535758972167969e-02
-1.540807634592056274e-01 6.291126012802124023e-01 3.221984505653381348e-01 3.962649703025817871e-01
5.447871088981628418e-01 7.043513469398021698e-03 -4.006522893905639648e-02 3.120375573635101318e-01
4.936128556728363037e-01 -1.088805869221687317e-01 -1.642576307058334351e-01 2.010361403226852417e-01
3.035303056240081787e-01 -4.611696675419807434e-02 2.941362857818603516e-01 1.113418117165565491e-01
-3.273031488060951233e-02 2.149611860513687134e-01 5.987098813056945801e-01 6.687700748443603516e-02
-2.179462760686874390e-01 5.238832235336303711e-01 2.693341076374053955e-01 1.189624611288309097e-02
9.051091037690639496e-03 4.726045727729797363e-01 -1.755518764257431030e-01 3.817250132560729980e-01
3.675794899463653564e-01 -2.581132948398590088e-01 -1.474073678255081177e-01 1.315921992063522339e-01
5.691373348236083984e-01 -4.769995212554931641e-01 8.161003142595291138e-02 1.716732233762741089e-01
-1.313323248177766800e-02 2.503173947334289551e-01 3.518437445163726807e-01 1.139614172279834747e-02
-6.960323452949523926e-02 4.336014688014984131e-01 4.920982420444488525e-01 4.814070463180541992e-02
1.088599041104316711e-01 5.459798574447631836e-01 1.527479588985443115e-01 2.213264554738998413e-01
2.435335814952850342e-01 3.597532510757446289e-01 -8.514593541622161865e-02 2.638410925865173340e-01
4.637794494628906250e-01 -1.377102285623550415e-01 -6.521845608949661255e-02 3.065121471881866455e-01
2.681579887866973877e-01 -3.116717934608459473e-01 3.295979499816894531e-01 2.017783969640731812e-01
-1.310234963893890381e-01 2.777905166149139404e-01 5.169858932495117188e-01 3.989597409963607788e-02
-1.942542046308517456e-01 6.327843070030212402e-01 2.514949738979339600e-01 2.336546778678894043e-01
2.824573218822479248e-01 3.784049451351165771e-01 6.618460267782211304e-02 1.570156663656234741e-01
5.306833386421203613e-01 -1.101594343781471252e-01 -1.912965029478073120e-01 5.521144717931747437e-02
2.683000266551971436e-01 -1.822886914014816284e-01 6.296151131391525269e-02 1.078887134790420532e-01
3.226954042911529541e-01 -9.759444743394851685e-02 3.045936226844787598e-01 3.417057394981384277e-01
-1.047874912619590759e-01 5.096882581710815430e-01 3.957896828651428223e-01 2.264324277639389038e-01
-1.873712986707687378e-01 5.897581577301025391e-01 3.407298028469085693e-01 1.050026491284370422e-01
1.197157949209213257e-01 4.878459274768829346e-01 7.264199852943420410e-02 3.133804202079772949e-01
4.811901152133941650e-01 -2.006625086069107056e-01 -3.511739522218704224e-02 1.217884793877601624e-01
6.204659342765808105e-01 -4.772379994392395020e-01 1.860057264566421509e-01 4.108424298465251923e-03
3.255426287651062012e-01 3.294781446456909180e-01 2.051357179880142212e-01 2.217712551355361938e-01
-4.218384921550750732e-01 7.033513784408569336e-01 3.351629674434661865e-01 3.179128468036651611e-01
5.161511898040771484e-02 4.276404976844787598e-01 2.725254297256469727e-01 2.869882583618164062e-01
3.248360753059387207e-01 -1.486999448388814926e-02 2.492732107639312744e-01 9.304386377334594727e-02
3.663337528705596924e-01 -4.242110997438430786e-02 -5.237799603492021561e-03 1.666723489761352539e-01
4.934274554252624512e-01 -4.018951207399368286e-02 3.911596536636352539e-02 2.028615325689315796e-01
-8.186572790145874023e-02 3.839720785617828369e-01 3.258200287818908691e-01 1.768575608730316162e-01
6.638335436582565308e-02 4.544838070869445801e-01 2.827453017234802246e-01 2.917135059833526611e-01
2.671805620193481445e-01 3.435803353786468506e-01 2.607093155384063721e-01 3.170283138751983643e-01
3.017300665378570557e-01 7.999625802040100098e-02 3.602679073810577393e-01 8.673936873674392700e-02
2.354072630405426025e-01 1.227880045771598816e-01 1.035078465938568115e-01 1.130490601062774658e-01
3.088157773017883301e-01 1.096905395388603210e-01 3.771949559450149536e-02 2.781978249549865723e-01
1.267057359218597412e-01 1.261239200830459595e-01 1.170216649770736694e-01 1.638457477092742920e-01
5.416144058108329773e-02 1.331330537796020508e-01 2.676128447055816650e-01 2.218437641859054565e-01
-1.287831515073776245e-01 4.295532405376434326e-01 2.592830955982208252e-01 1.413680166006088257e-01
4.345886409282684326e-01 1.136436685919761658e-01 1.270850002765655518e-01 1.893563866615295410e-01
2.532759010791778564e-01 1.795986592769622803e-01 2.063639312982559204e-01 1.925529539585113525e-01
4.264384806156158447e-01 4.261489212512969971e-02 1.264689266681671143e-01 1.385104805231094360e-01
2.855461239814758301e-01 6.494597345590591431e-02 2.442409247159957886e-01 9.416040778160095215e-02
-2.046161741018295288e-01 4.943235516548156738e-01 3.178768157958984375e-01 1.844691634178161621e-01
-8.358006924390792847e-02 4.607468247413635254e-01 -1.075560133904218674e-02 4.205449223518371582e-01
3.595819771289825439e-01 -1.384520679712295532e-01 1.151370182633399963e-01 2.839533388614654541e-01
1.144597306847572327e-01 -4.537489265203475952e-02 3.604084253311157227e-01 -5.695821344852447510e-02
2.732084393501281738e-01 1.603724360466003418e-01 1.773682385683059692e-01 7.205027341842651367e-02
3.069800436496734619e-01 3.501811623573303223e-01 5.455528572201728821e-02 2.155068963766098022e-01
2.501178085803985596e-01 2.850787937641143799e-01 8.323834836483001709e-02 1.326364576816558838e-01
2.488387003540992737e-02 1.865642070770263672e-01 1.289644539356231689e-01 1.703351140022277832e-01
9.186331927776336670e-02 -7.023739814758300781e-02 2.275212854146957397e-01 1.721647530794143677e-01
6.837508082389831543e-02 -6.899817287921905518e-02 2.303747385740280151e-01 2.340484261512756348e-01
2.021926194429397583e-01 2.465930134057998657e-01 5.777296051383018494e-02 2.121617496013641357e-01
3.854816854000091553e-01 1.921348720788955688e-01 1.327381283044815063e-01 1.472502350807189941e-01
1.335917860269546509e-01 3.966635465621948242e-01 2.402243316173553467e-01 -6.038110703229904175e-02
1.595458574593067169e-02 4.162008762359619141e-01 2.697725892066955566e-01 2.042692750692367554e-01
1.998027116060256958e-01 3.496344760060310364e-02 2.863297164440155029e-01 3.177319765090942383e-01
2.316698879003524780e-01 1.065399125218391418e-01 -6.863218266516923904e-03 3.803659379482269287e-01
2.103164494037628174e-01 4.978645592927932739e-03 2.066099345684051514e-01 2.440897077322006226e-01
1.477495878934860229e-01 2.085766792297363281e-01 3.756662309169769287e-01 6.600563973188400269e-02
2.135581225156784058e-01 3.935598731040954590e-01 2.795610129833221436e-01 1.570538580417633057e-01
4.561986327171325684e-01 2.797794044017791748e-01 3.441267833113670349e-02 1.585096716880798340e-01
8.397735655307769775e-02 3.310158252716064453e-01 1.451411545276641846e-01 9.847672283649444580e-02
1.901970505714416504e-01 -7.189291715621948242e-02 1.379162818193435669e-01 2.017692476511001587e-01
9.425191581249237061e-02 -5.469434708356857300e-02 2.347961217164993286e-01 2.595451176166534424e-01
2.393777519464492798e-01 2.077745050191879272e-01 2.063246220350265503e-01 3.898057639598846436e-01
-1.604703813791275024e-02 4.397914707660675049e-01 3.807288110256195068e-01 1.723475158214569092e-01
2.432204633951187134e-01 4.216698408126831055e-01 7.591076195240020752e-02 1.671971082687377930e-01
3.051255941390991211e-01 3.685970902442932129e-01 1.463635265827178955e-01 1.330377161502838135e-01
5.408028960227966309e-01 -2.401392608880996704e-01 2.070393860340118408e-01 1.462574899196624756e-01
3.729560375213623047e-01 -1.725298762321472168e-01 2.674843370914459229e-01 2.188548892736434937e-01
-2.728968858718872070e-01 6.168166399002075195e-01 2.180835604667663574e-01 3.540852367877960205e-01
2.219988703727722168e-01 4.460301399230957031e-01 2.084279656410217285e-01 2.070768326520919800e-01
1.142474934458732605e-01 2.894027531147003174e-01 4.134413599967956543e-01 8.700627088546752930e-02
2.662836611270904541e-01 1.151258200407028198e-01 1.129164397716522217e-01 2.001724243164062500e-01
2.685332298278808594e-01 8.676759898662567139e-02 -7.831314951181411743e-02 3.643986880779266357e-01
3.554305434226989746e-01 -1.909301728010177612e-01 2.005891948938369751e-01 1.462614089250564575e-01
1.818793416023254395e-01 1.261340081691741943e-01 4.033852219581604004e-01 6.968463771045207977e-03
9.260936826467514038e-02 5.092551708221435547e-01 1.275676488876342773e-01 2.881000936031341553e-01
5.015739798545837402e-02 4.951987862586975098e-01 2.550015747547149658e-01 1.322242617607116699e-01
1.300167292356491089e-01 2.526169419288635254e-01 1.221829056739807129e-01 2.764040827751159668e-01
4.567610919475555420e-01 -2.167228013277053833e-01 1.541985571384429932e-01 2.181160002946853638e-01
8.832222223281860352e-02 1.886160522699356079e-01 1.998886018991470337e-01 1.525867730379104614e-01
2.672217488288879395e-01 1.167871281504631042e-01 1.539183109998703003e-01 2.383199334144592285e-01
2.775486409664154053e-01 2.926699817180633545e-01 2.452108263969421387e-01 1.807580888271331787e-01
-7.542656362056732178e-02 4.488831460475921631e-01 3.138575255870819092e-01 1.221361234784126282e-01
-8.660830557346343994e-02 2.840831577777862549e-01 2.368879467248916626e-01 1.481903940439224243e-01
3.694962263107299805e-01 -1.546088308095932007e-01 -3.356396406888961792e-02 1.507299840450286865e-01
4.418214857578277588e-01 -1.731645464897155762e-01 1.692431420087814331e-02 2.337651252746582031e-01
3.439267873764038086e-01 7.647386193275451660e-02 4.651656001806259155e-02 1.337393075227737427e-01
-4.843826964497566223e-02 4.564140439033508301e-01 3.879918158054351807e-01 -3.127845749258995056e-02
-1.372826546430587769e-01 5.222032070159912109e-01 3.764326870441436768e-01 2.440834343433380127e-01
5.434970930218696594e-02 2.732669413089752197e-01 8.417995274066925049e-02 3.605689108371734619e-01
1.147166714072227478e-01 -5.643180385231971741e-02 5.487300828099250793e-02 2.067143619060516357e-01
4.831193983554840088e-01 -2.625615894794464111e-01 -1.549510867334902287e-03 1.538542509078979492e-01
6.392990350723266602e-01 -4.440148919820785522e-02 2.397152930498123169e-01 1.389633268117904663e-01
2.243820875883102417e-01 4.418028891086578369e-01 3.663739562034606934e-01 -3.748624771833419800e-02
1.362956129014492035e-02 6.555221676826477051e-01 2.422354519367218018e-01 2.267272919416427612e-01
-3.371085226535797119e-01 6.475698947906494141e-01 1.701946705579757690e-01 2.897324562072753906e-01
2.194813787937164307e-01 3.323787450790405273e-02 4.667268320918083191e-02 4.356882572174072266e-01
2.690410912036895752e-01 -4.772888123989105225e-01 3.975741863250732422e-01 2.767733633518218994e-01
5.220832228660583496e-01 -8.890668302774429321e-02 2.678137123584747314e-01 1.339160352945327759e-01
2.607144415378570557e-01 5.205366611480712891e-01 2.780425846576690674e-01 3.325524926185607910e-02
2.569822669029235840e-01 6.916208267211914062e-01 5.677485838532447815e-02 1.973816752433776855e-01
2.719990015029907227e-01 3.597111105918884277e-01 2.601652741432189941e-01 2.300543636083602905e-01
1.989219784736633301e-01 2.231103926897048950e-01 2.207900881767272949e-01 3.245255351066589355e-01
2.944144420325756073e-02 -8.876428753137588501e-02 1.795588880777359009e-01 2.219070047140121460e-01
2.703009545803070068e-02 -1.708131730556488037e-01 2.606714367866516113e-01 3.188919425010681152e-01
2.096546143293380737e-01 2.958975732326507568e-01 1.304056942462921143e-01 2.589835822582244873e-01
2.727079987525939941e-01 5.169807672500610352e-01 1.262044459581375122e-01 2.335562836378812790e-03
3.390654027462005615e-01 1.867232173681259155e-01 3.173495233058929443e-01 -6.778147071599960327e-02
3.555800914764404297e-01 -5.794651433825492859e-02 2.537160813808441162e-01 6.708332151174545288e-02
2.415190450847148895e-03 4.382941424846649170e-01 -1.411024779081344604e-01 5.102543830871582031e-01
-5.058305710554122925e-02 3.536659106612205505e-02 2.474762052297592163e-01 3.562625944614410400e-01
2.354806810617446899e-01 1.549027580767869949e-02 2.465815097093582153e-01 1.844868063926696777e-01
3.838124573230743408e-01 8.716203272342681885e-02 3.112984597682952881e-01 1.936052553355693817e-02
-5.207733064889907837e-02 4.776731431484222412e-01 3.490694165229797363e-01 -5.122777074575424194e-03
2.595928013324737549e-01 5.119989514350891113e-01 7.711717486381530762e-02 2.199379205703735352e-01
3.604282438755035400e-01 8.224561810493469238e-02 -1.300849765539169312e-01 4.253591597080230713e-01
3.316769301891326904e-01 -2.191738188266754150e-01 1.699920296669006348e-01 3.111999928951263428e-01
1.271455734968185425e-01 -8.389847725629806519e-02 4.438336789608001709e-01 8.868956938385963440e-03
-1.028172001242637634e-01 5.255892276763916016e-01 2.643487155437469482e-01 1.222823783755302429e-01
2.374803423881530762e-01 4.490082263946533203e-01 2.023906260728836060e-01 1.371629089117050171e-01
2.579225897789001465e-01 4.590567052364349365e-01 -1.612380519509315491e-02 3.327502608299255371e-01
3.509669899940490723e-01 -5.065818876028060913e-02 1.221171095967292786e-01 3.029404282569885254e-01
2.273390293121337891e-01 -5.607174336910247803e-02 4.104565083980560303e-01 1.966805011034011841e-01
1.403640061616897583e-01 5.067631974816322327e-02 5.063957571983337402e-01 1.238811761140823364e-01
1.209319829940795898e-01 4.558071792125701904e-01 2.926547527313232422e-01 -7.594480179250240326e-03
3.562003970146179199e-01 6.168001890182495117e-01 -3.840020596981048584e-01 4.844478964805603027e-01
1.650660634040832520e-01 2.144747227430343628e-01 1.328125745058059692e-01 2.794436812400817871e-01
2.791239321231842041e-01 -3.573466241359710693e-01 4.349444508552551270e-01 2.211069017648696899e-01
6.445853412151336670e-02 -1.325900852680206299e-01 5.326914787292480469e-01 3.259447589516639709e-02
2.120392955839633942e-02 6.109881997108459473e-01 1.182596534490585327e-01 1.686396598815917969e-01
2.283175587654113770e-01 6.204850077629089355e-01 -4.257922247052192688e-02 1.862666904926300049e-01
2.285150736570358276e-01 2.529330551624298096e-01 1.164621412754058838e-01 3.128081932663917542e-02
2.645603418350219727e-01 -3.312333524227142334e-01 1.693557202816009521e-01 2.224480211734771729e-01
1.771261841058731079e-01 -1.252659708261489868e-01 1.127544939517974854e-01 3.572236001491546631e-01
2.229776233434677124e-01 1.921523213386535645e-01 1.641920953989028931e-01 1.677155643701553345e-01
1.546077132225036621e-01 3.779138624668121338e-01 3.014197051525115967e-01 1.164753884077072144e-01
1.453923583030700684e-01 4.245629906654357910e-01 2.319309562444686890e-01 1.553662270307540894e-01
6.156422942876815796e-02 3.755718469619750977e-01 3.365360796451568604e-01 1.912513077259063721e-01
2.980106174945831299e-01 1.931882835924625397e-02 2.030442506074905396e-01 2.781183123588562012e-01
3.684752881526947021e-01 2.023184001445770264e-01 -3.685652092099189758e-02 3.097444772720336914e-01
2.025859057903289795e-01 2.074950337409973145e-01 2.835048735141754150e-01 2.900517284870147705e-01
1.848589032888412476e-01 1.106665506958961487e-01 4.518201053142547607e-01 7.323992997407913208e-02
4.193171262741088867e-01 1.066469252109527588e-01 3.083269596099853516e-01 1.555005311965942383e-01
1.156826242804527283e-01 5.406871438026428223e-01 9.199563413858413696e-02 3.556165099143981934e-01
-1.119517721235752106e-02 5.970507860183715820e-01 5.326366424560546875e-02 2.715080976486206055e-01
1.121584102511405945e-01 1.567359268665313721e-01 1.882804781198501587e-01 2.793042659759521484e-01
3.098041117191314697e-01 -5.247628092765808105e-01 4.491706788539886475e-01 -3.634601458907127380e-02
4.466414451599121094e-01 1.598058268427848816e-02 2.131574749946594238e-01 1.864854842424392700e-01
3.684808611869812012e-01 4.627977013587951660e-01 -1.892007142305374146e-02 1.848551034927368164e-01
1.477024704217910767e-01 6.529490947723388672e-01 -4.825709015130996704e-02 2.773382365703582764e-01
1.166786998510360718e-01 2.522231638431549072e-01 3.241194784641265869e-01 1.650685518980026245e-01
-2.555826902389526367e-01 -3.226825594902038574e-02 5.235001444816589355e-01 1.922741681337356567e-01
-3.760707750916481018e-02 -6.555152684450149536e-02 3.500877618789672852e-01 2.001328915357589722e-01
4.366382360458374023e-01 2.604735791683197021e-01 -2.230520844459533691e-01 3.483439683914184570e-01
3.689437508583068848e-01 2.376116216182708740e-01 8.352870494127273560e-02 7.789086550474166870e-02
4.590899944305419922e-01 2.451880574226379395e-01 1.603524982929229736e-01 2.851245552301406860e-02
2.200611084699630737e-01 7.775770127773284912e-02 3.325822651386260986e-01 -1.260069012641906738e-02
1.230584979057312012e-01 1.013950407505035400e-01 2.107715755701065063e-01 3.551541864871978760e-01
-1.424236148595809937e-01 2.797429263591766357e-01 1.725471913814544678e-01 4.583717584609985352e-01
1.339186728000640869e-01 2.355351895093917847e-01 2.284935265779495239e-01 3.384055197238922119e-01
2.801909148693084717e-01 2.720202207565307617e-01 4.678376317024230957e-01 6.032787263393402100e-02
4.234308004379272461e-01 4.218865334987640381e-01 1.406929343938827515e-01 8.417408168315887451e-02
4.275212287902832031e-01 2.394618242979049683e-01 5.330336838960647583e-02 1.841045916080474854e-01
2.669471800327301025e-01 1.748223155736923218e-01 7.865234464406967163e-02 2.596263885498046875e-01
9.721702896058559418e-03 -1.044514477252960205e-01 4.204042255878448486e-01 3.547928631305694580e-01
-9.999990463256835938e-01 5.549722313880920410e-01 9.997740387916564941e-01 9.299122095108032227e-01
-9.999903440475463867e-01 6.393753886222839355e-01 9.989400506019592285e-01 9.369784593582153320e-01
-9.995814561843872070e-01 7.551637887954711914e-01 9.896411299705505371e-01 9.430662989616394043e-01
-9.444427490234375000e-01 9.069600105285644531e-01 7.985868453979492188e-01 7.899822592735290527e-01
5.883304476737976074e-01 9.808961153030395508e-01 -5.532454252243041992e-01 -1.153065338730812073e-01
9.881815314292907715e-01 8.898180127143859863e-01 -8.123145699501037598e-01 -8.546125888824462891e-01
9.995381832122802734e-01 -8.949037790298461914e-01 -6.237076520919799805e-01 -7.963675260543823242e-01
9.997541308403015137e-01 -9.941357970237731934e-01 -4.637244641780853271e-01 -1.774854660034179688e-01
9.997176527976989746e-01 -9.985489249229431152e-01 -1.250756159424781799e-02 3.995911478996276855e-01
9.991120100021362305e-01 -9.980917572975158691e-01 6.115432381629943848e-01 4.399907290935516357e-01
9.963792562484741211e-01 -9.854881167411804199e-01 8.564154505729675293e-01 -1.742242127656936646e-01
9.174738526344299316e-01 4.308014363050460815e-02 8.192411065101623535e-01 -2.843638956546783447e-01
-3.497289419174194336e-01 9.950563907623291016e-01 7.278773188591003418e-02 -2.838575839996337891e-01
-7.725783586502075195e-01 9.991179108619689941e-01 1.135159060359001160e-01 -4.425053000450134277e-01
-8.347382545471191406e-01 9.976496696472167969e-01 -2.186187803745269775e-01 2.271939218044281006e-01
-7.983418703079223633e-01 9.850398898124694824e-01 -5.802404880523681641e-01 9.090216159820556641e-01
-6.214537024497985840e-01 8.974292874336242676e-01 -7.606586813926696777e-01 9.890020489692687988e-01
-3.591332435607910156e-01 1.852982342243194580e-01 -5.800648927688598633e-01 9.977799654006958008e-01
6.968339681625366211e-01 -9.915013313293457031e-01 9.456191658973693848e-01 9.643729925155639648e-01
9.614629745483398438e-01 -9.901278614997863770e-01 9.827591776847839355e-01 -3.570818156003952026e-02
9.885545969009399414e-01 -7.749563455581665039e-01 9.834573864936828613e-01 -9.454230666160583496e-01
9.936518669128417969e-01 6.045514941215515137e-01 9.661368131637573242e-01 -9.917854070663452148e-01
9.885883927345275879e-01 9.937032461166381836e-01 1.208727061748504639e-01 -9.528431296348571777e-01
8.853979706764221191e-01 9.987378120422363281e-01 -9.228119254112243652e-01 -1.038838773965835571e-01
-5.661444664001464844e-01 9.607299566268920898e-01 -6.875532269477844238e-01 9.689674377441406250e-01
-9.729946851730346680e-01 3.266190886497497559e-01 1.952061951160430908e-01 9.985601902008056641e-01
-9.857075214385986328e-01 -6.743055582046508789e-01 7.632985711097717285e-01 9.994859099388122559e-01
-9.095702171325683594e-01 -8.609312772750854492e-01 8.568968772888183594e-01 9.977208971977233887e-01
6.370328664779663086e-01 -1.763690263032913208e-01 4.016250073909759521e-01 8.831057548522949219e-01
9.974146485328674316e-01 9.302437901496887207e-01 -2.577015459537506104e-01 -7.820838689804077148e-01
9.997048974037170410e-01 9.692784547805786133e-01 -4.773136973381042480e-01 -9.472826123237609863e-01
9.993568658828735352e-01 8.190311789512634277e-01 -8.213156834244728088e-03 -8.725842237472534180e-01
9.858298897743225098e-01 -4.236899912357330322e-01 7.138317227363586426e-01 1.116640567779541016e-01
3.789066374301910400e-01 -6.601750850677490234e-01 8.828485012054443359e-01 9.144108295440673828e-01
-6.537669301033020020e-01 5.338700413703918457e-01 6.164599061012268066e-01 9.824497699737548828e-01
-4.025901257991790771e-01 9.235349893569946289e-01 -2.166509628295898438e-01 9.834553599357604980e-01
2.877124249935150146e-01 9.086264967918395996e-01 5.022700503468513489e-02 8.969141840934753418e-01
8.682668805122375488e-01 3.850151598453521729e-01 7.932822704315185547e-01 1.943074017763137817e-01
9.543417096138000488e-01 1.387837082147598267e-01 8.626421689987182617e-01 -4.241415262222290039e-01
9.190717935562133789e-01 4.364954531192779541e-01 7.732563018798828125e-01 9.018927812576293945e-06
6.954296827316284180e-01 8.509134650230407715e-01 1.551163941621780396e-02 8.007779717445373535e-01
2.559416592121124268e-01 8.755434155464172363e-01 8.765010535717010498e-02 8.838255405426025391e-01
-2.899795472621917725e-01 2.384202927350997925e-01 8.860745429992675781e-01 8.586642146110534668e-01
3.734275400638580322e-01 -2.627462744712829590e-01 8.923239111900329590e-01 5.214431881904602051e-01
8.553654551506042480e-01 5.023021101951599121e-01 5.468920469284057617e-01 -1.448687613010406494e-01
8.923924565315246582e-01 8.931905031204223633e-01 -4.486195445060729980e-01 1.041120812296867371e-01
5.946751832962036133e-01 8.237395286560058594e-01 2.864137478172779083e-02 3.354768157005310059e-01
-2.036634087562561035e-01 6.822583079338073730e-02 8.779738545417785645e-01 4.582201838493347168e-01
-1.826242953538894653e-01 -2.250220179557800293e-01 8.707343339920043945e-01 5.141383409500122070e-01
3.060615360736846924e-01 5.142473578453063965e-01 2.024766057729721069e-01 5.493270754814147949e-01
7.386558651924133301e-01 5.917887687683105469e-01 -4.048627912998199463e-01 2.904586493968963623e-01
7.881481647491455078e-01 -5.704161524772644043e-02 2.090571522712707520e-01 -3.186813890933990479e-01
4.779947400093078613e-01 -3.226301446557044983e-02 6.748211979866027832e-01 -1.308652758598327637e-01
-1.354229301214218140e-01 7.145390510559082031e-01 2.948958575725555420e-01 5.196800827980041504e-01
-2.559839785099029541e-01 7.302156686782836914e-01 1.323579400777816772e-01 7.334144115447998047e-01
6.702896952629089355e-02 -9.164577722549438477e-02 4.480909407138824463e-01 4.188280999660491943e-01
4.490216970443725586e-01 -1.770344525575637817e-01 9.769389778375625610e-02 1.241198629140853882e-01
6.478433609008789062e-01 -2.108841985464096069e-01 -1.135761514306068420e-01 -3.702418208122253418e-01
3.331718444824218750e-01 4.327011108398437500e-01 -6.335998326539993286e-02 -1.021514646708965302e-02
1.027275919914245605e-01 3.808119595050811768e-01 3.007646799087524414e-01 1.092395409941673279e-01
-2.559351921081542969e-01 3.674066960811614990e-01 3.862130939960479736e-01 4.820870459079742432e-01
-2.301308885216712952e-02 -5.762120708823204041e-02 3.443346023559570312e-01 5.169703364372253418e-01
3.216973543167114258e-01 1.782648637890815735e-02 -8.923566341400146484e-02 3.304640650749206543e-01
4.143122434616088867e-01 -2.635537981986999512e-01 2.052773684263229370e-01 -4.058966636657714844e-01
4.473639428615570068e-01 8.712867647409439087e-02 -5.433406680822372437e-02 -3.248358666896820068e-01
2.434192001819610596e-01 3.975227773189544678e-01 -2.552162408828735352e-01 8.863494545221328735e-02
-2.405923902988433838e-01 4.744960963726043701e-01 -2.268552780151367188e-04 5.618357658386230469e-01
-4.414608776569366455e-01 -3.438124060630798340e-01 7.374053001403808594e-01 2.148977816104888916e-01
-2.237588725984096527e-02 -1.641653180122375488e-01 3.290884494781494141e-01 1.048815399408340454e-01
3.034653663635253906e-01 3.029816448688507080e-01 -3.136102259159088135e-01 3.307508230209350586e-01
5.729550719261169434e-01 2.829490602016448975e-02 -3.517364263534545898e-01 -3.402186334133148193e-01
4.479924738407135010e-01 -2.485356479883193970e-02 -1.348329186439514160e-01 -2.690649330615997314e-01
1.448412239551544189e-02 -2.595389485359191895e-01 4.410220980644226074e-01 -9.970524162054061890e-02
-1.805737316608428955e-01 1.392964571714401245e-01 2.118838876485824585e-01 4.561901092529296875e-01
-2.888672053813934326e-01 2.192664742469787598e-01 1.812730133533477783e-01 4.488014280796051025e-01
3.187055140733718872e-02 3.597063422203063965e-01 -7.334122806787490845e-02 3.131088018417358398e-01
2.406541854143142700e-01 -4.801057279109954834e-02 1.184208318591117859e-01 -2.614904940128326416e-01
2.896668016910552979e-01 -1.338664144277572632e-01 8.023886382579803467e-02 -2.186394333839416504e-01
1.609298586845397949e-01 4.733672738075256348e-02 3.243256127461791039e-03 1.000813990831375122e-01
2.612454295158386230e-01 4.290761053562164307e-02 -2.196617126464843750e-01 2.524496912956237793e-01
5.603138357400894165e-02 7.571343798190355301e-03 2.326631098985671997e-01 1.156138777732849121e-01
-5.258448421955108643e-02 4.386662691831588745e-02 2.693071663379669189e-01 3.669752180576324463e-01
2.811479009687900543e-02 8.773743361234664917e-02 3.301231265068054199e-01 -1.532952068373560905e-03
1.533533334732055664e-01 4.471097290515899658e-01 -1.150582060217857361e-01 1.854747384786605835e-01
2.788570225238800049e-01 2.021128237247467041e-01 -3.471736982464790344e-02 -2.963336883112788200e-03
5.707920715212821960e-02 -6.875780224800109863e-02 4.424101114273071289e-01 -3.850431367754936218e-02
2.467138916254043579e-01 1.203486174345016479e-01 -1.743928641080856323e-01 4.048895835876464844e-01
1.072323694825172424e-01 6.569829583168029785e-02 2.378270924091339111e-01 8.458863943815231323e-02
3.039404451847076416e-01 -1.185556203126907349e-01 2.292695939540863037e-01 2.040398567914962769e-01
3.178750872611999512e-01 1.868815124034881592e-01 4.827112704515457153e-02 2.481531500816345215e-01
2.140020132064819336e-01 2.665800452232360840e-01 2.473300397396087646e-01 1.878125816583633423e-01
2.106163203716278076e-01 2.654169201850891113e-01 3.523118197917938232e-01 2.006209492683410645e-01
2.220509946346282959e-01 3.263730704784393311e-01 3.449594378471374512e-01 2.699976563453674316e-01
1.309501826763153076e-01 5.761868953704833984e-01 -1.479684258811175823e-03 5.277683734893798828e-01
3.215394020080566406e-01 2.799573838710784912e-01 4.656983911991119385e-01 1.388491094112396240e-01
2.809805572032928467e-01 2.491732835769653320e-01 4.901560246944427490e-01 1.835794895887374878e-01
3.239682316780090332e-01 1.563328653573989868e-01 2.601214051246643066e-01 2.374815195798873901e-01
4.887292981147766113e-01 1.724866777658462524e-01 -2.899793162941932678e-02 3.897549211978912354e-01
3.640731275081634521e-01 2.975539267063140869e-01 7.834220677614212036e-02 5.101668834686279297e-01
4.190773665904998779e-01 1.850108951330184937e-01 4.807516038417816162e-01 3.060196936130523682e-01
3.802915215492248535e-01 1.638686507940292358e-01 7.378076910972595215e-01 1.310629546642303467e-01
2.408747375011444092e-01 6.287268400192260742e-01 4.743046462535858154e-01 4.978938996791839600e-01
2.524385452270507812e-01 8.117141127586364746e-01 5.319358780980110168e-02 6.842782497406005859e-01
4.546926021575927734e-01 4.890916049480438232e-01 5.565448999404907227e-01 3.515814244747161865e-01
5.793077349662780762e-01 4.160285890102386475e-01 5.864061117172241211e-01 2.772144377231597900e-01
6.207898855209350586e-01 3.187737166881561279e-01 2.825616896152496338e-01 4.220150411128997803e-01
5.206660628318786621e-01 2.844993174076080322e-01 4.569998979568481445e-01 4.317448437213897705e-01
4.776606261730194092e-01 3.527397513389587402e-01 5.019208788871765137e-01 5.412663221359252930e-01
3.514055013656616211e-01 6.298620104789733887e-01 1.512664705514907837e-01 7.432109117507934570e-01
4.243505895137786865e-01 4.475613236427307129e-01 8.160182833671569824e-01 3.767259120941162109e-01
4.841853380203247070e-01 5.495368242263793945e-01 6.310684680938720703e-01 5.195961594581604004e-01
6.232485175132751465e-01 5.204894542694091797e-01 5.183391571044921875e-01 4.922862648963928223e-01
6.440967917442321777e-01 5.778293013572692871e-01 4.189998209476470947e-01 5.543817281723022461e-01
6.054379940032958984e-01 6.159086823463439941e-01 4.327263236045837402e-01 5.494081377983093262e-01
5.493532419204711914e-01 5.942949056625366211e-01 5.744907855987548828e-01 5.609441995620727539e-01
4.697499275207519531e-01 5.627788901329040527e-01 7.263337969779968262e-01 4.772524833679199219e-01
4.432243704795837402e-01 5.746299028396606445e-01 6.370800733566284180e-01 5.694532990455627441e-01
4.712124466896057129e-01 6.533104777336120605e-01 3.403167724609375000e-01 6.681441664695739746e-01
5.273463129997253418e-01 4.501821100711822510e-01 5.436961054801940918e-01 5.045107603073120117e-01
5.604631304740905762e-01 3.927441239356994629e-01 4.517720043659210205e-01 5.020855069160461426e-01
6.697940230369567871e-01 2.306694686412811279e-01 5.953187942504882812e-01 3.888608217239379883e-01
5.247068405151367188e-01 4.679346382617950439e-01 4.231780171394348145e-01 5.222781896591186523e-01
4.514210224151611328e-01 6.136136651039123535e-01 4.255632758140563965e-01 5.155376791954040527e-01
3.006252944469451904e-01 7.366350293159484863e-01 3.324336707592010498e-01 6.211285591125488281e-01
3.305195868015289307e-01 6.268936395645141602e-01 5.810097455978393555e-01 4.372212588787078857e-01
5.022456049919128418e-01 3.867770433425903320e-01 6.477440595626831055e-01 3.176197707653045654e-01
5.635932087898254395e-01 2.622115612030029297e-01 5.915094614028930664e-01 2.785658240318298340e-01
5.347099304199218750e-01 5.144621729850769043e-01 2.021842002868652344e-01 5.105075836181640625e-01
5.149327516555786133e-01 5.181643366813659668e-01 6.201325356960296631e-02 5.754458308219909668e-01
4.718998968601226807e-01 2.194237411022186279e-01 5.135917663574218750e-01 3.781856894493103027e-01
3.032709658145904541e-01 2.229579240083694458e-01 7.382401227951049805e-01 2.952475845813751221e-01
1.547585129737854004e-01 6.141093373298645020e-01 3.073694407939910889e-01 5.306022763252258301e-01
3.573657870292663574e-01 4.849898517131805420e-01 2.249311059713363647e-01 4.782756268978118896e-01
2.749121189117431641e-01 4.157961010932922363e-01 3.960589766502380371e-01 3.486667573451995850e-01
3.608015775680541992e-01 3.131849765777587891e-01 4.950044751167297363e-01 2.315875887870788574e-01
5.662751793861389160e-01 2.622639536857604980e-01 3.076786398887634277e-01 2.941764295101165771e-01
4.302054941654205322e-01 2.392228990793228149e-01 2.414963245391845703e-01 1.944250911474227905e-01
3.856071233749389648e-01 4.570655822753906250e-01 -4.007219977211207151e-04 3.818564414978027344e-01
2.221471071243286133e-01 2.140761911869049072e-01 4.705460667610168457e-01 1.079981997609138489e-01
3.790613263845443726e-02 3.484594523906707764e-01 3.687456548213958740e-01 1.880392432212829590e-01
2.192212939262390137e-01 3.501970469951629639e-01 1.736954972147941589e-02 3.392772376537322998e-01
2.271009236574172974e-01 8.570600301027297974e-02 2.150443941354751587e-01 2.486499994993209839e-01
1.059498712420463562e-01 1.784560829401016235e-01 3.133148849010467529e-01 8.817135542631149292e-02
3.131604194641113281e-01 8.880668878555297852e-02 1.141981780529022217e-01 1.520450711250305176e-01
1.687684357166290283e-01 1.644470095634460449e-01 8.425789326429367065e-02 1.508185863494873047e-01
2.222282439470291138e-01 1.872572302818298340e-01 -2.999684028327465057e-02 2.094845026731491089e-01
-1.087345331907272339e-01 2.430706322193145752e-01 2.410491555929183960e-01 -5.600039288401603699e-02
-1.263007819652557373e-01 1.651017814874649048e-01 3.948819637298583984e-01 5.722827627323567867e-04
1.823500543832778931e-01 2.480658292770385742e-01 2.065834552049636841e-01 1.468788236379623413e-01
4.485110342502593994e-01 3.337874412536621094e-01 -8.914978057146072388e-02 2.875041067600250244e-01
4.720796644687652588e-01 8.076777309179306030e-02 -3.190816566348075867e-02 1.268697082996368408e-01
7.920094579458236694e-02 1.143463328480720520e-01 3.008914291858673096e-01 5.449584871530532837e-02
-6.420682370662689209e-02 1.333880722522735596e-01 2.912402451038360596e-01 4.171198606491088867e-02
-4.502300918102264404e-02 1.854465007781982422e-01 3.754482269287109375e-01 2.050379216670989990e-01
1.931353211402893066e-01 -4.263345617800951004e-03 2.399639412760734558e-02 1.743768751621246338e-01
2.948098778724670410e-01 2.551478743553161621e-01 5.951699241995811462e-02 3.140575289726257324e-01
1.369720101356506348e-01 2.380836457014083862e-01 1.984574794769287109e-01 1.980035752058029175e-01
1.185899823904037476e-01 3.453691601753234863e-01 3.298880457878112793e-01 2.134304046630859375e-01
8.212435990571975708e-02 2.052290439605712891e-01 2.950104176998138428e-01 1.509735286235809326e-01
3.767883479595184326e-01 2.890007495880126953e-01 2.634169757366180420e-01 2.229060828685760498e-01
3.864170908927917480e-01 2.658922374248504639e-01 3.196878433227539062e-01 2.537902295589447021e-01
4.983210265636444092e-01 2.956761121749877930e-01 2.951135933399200439e-01 3.179908990859985352e-01
3.691311776638031006e-01 2.893037796020507812e-01 4.352856874465942383e-01 2.468064427375793457e-01
2.134443521499633789e-01 4.063814580440521240e-01 5.798643827438354492e-01 2.837501168251037598e-01
3.134700655937194824e-01 3.783881962299346924e-01 5.287482142448425293e-01 3.277686536312103271e-01
4.944891035556793213e-01 3.605462908744812012e-01 3.764132559299468994e-01 4.448640346527099609e-01
7.296359539031982422e-01 3.254663348197937012e-01 2.040304094552993774e-01 5.344983935356140137e-01
4.312001466751098633e-01 3.812465667724609375e-01 4.920268952846527100e-01 4.741623401641845703e-01
1.544876247644424438e-01 4.381201863288879395e-01 6.259106993675231934e-01 3.774888515472412109e-01
6.482606381177902222e-02 4.604535400867462158e-01 6.059946417808532715e-01 3.193204402923583984e-01
5.179988145828247070e-01 4.293885529041290283e-01 3.344581425189971924e-01 5.227159857749938965e-01
6.575020551681518555e-01 5.335808992385864258e-01 2.272213846445083618e-01 4.240416586399078369e-01
5.887500047683715820e-01 4.208774864673614502e-01 2.487771362066268921e-01 3.837273716926574707e-01
3.174114227294921875e-01 4.686864316463470459e-01 5.099498033523559570e-01 4.455640316009521484e-01
1.345779597759246826e-01 3.563492596149444580e-01 5.560052990913391113e-01 4.297318458557128906e-01
5.608533322811126709e-02 3.016850352287292480e-01 5.519202947616577148e-01 3.373291194438934326e-01
3.521354496479034424e-01 4.065404832363128662e-01 3.526739180088043213e-01 3.501984477043151855e-01
5.039486885070800781e-01 2.756593525409698486e-01 1.087130233645439148e-01 3.490373492240905762e-01
6.013346910476684570e-01 3.676427761092782021e-03 -9.777173399925231934e-02 3.240071237087249756e-01
-9.105945378541946411e-02 4.299268424510955811e-01 4.447919726371765137e-01 8.913802355527877808e-02
-8.239334076642990112e-02 2.981229424476623535e-01 3.975851833820343018e-01 8.854709565639495850e-02
2.287541329860687256e-01 4.995716735720634460e-02 9.690095484256744385e-02 2.340631335973739624e-01
1.025117747485637665e-02 5.971118062734603882e-02 5.833863466978073120e-02 1.121390461921691895e-01
4.252396523952484131e-02 -5.960848927497863770e-02 -4.309891536831855774e-02 1.219147890806198120e-01
-7.174729555845260620e-02 1.390388011932373047e-01 7.056578993797302246e-02 8.575438708066940308e-02
-1.200855150818824768e-02 2.912909984588623047e-01 1.660228073596954346e-01 2.241145521402359009e-01
1.304104775190353394e-01 1.773578226566314697e-01 -3.345197439193725586e-02 1.558352410793304443e-01
7.212872058153152466e-02 2.077261358499526978e-01 6.000638380646705627e-02 1.990396082401275635e-01
-2.633771486580371857e-02 2.435116171836853027e-01 1.968989521265029907e-01 1.872105449438095093e-01
-8.319414407014846802e-02 9.157231450080871582e-02 1.192690730094909668e-01 1.140488609671592712e-01
1.507007479667663574e-01 -5.052430182695388794e-02 1.987052708864212036e-02 2.458779513835906982e-01
4.332071915268898010e-02 2.457381039857864380e-01 2.141937762498855591e-01 1.058767586946487427e-01
3.532260358333587646e-01 1.578989773988723755e-01 1.325952112674713135e-01 3.485727012157440186e-01
6.452311575412750244e-02 5.029374361038208008e-01 4.235862493515014648e-01 1.090856492519378662e-01
1.841790527105331421e-01 2.943136990070343018e-01 2.613840997219085693e-01 1.412636935710906982e-01
5.162084698677062988e-01 -8.983311709016561508e-04 8.162897825241088867e-02 4.792176485061645508e-01
4.554971456527709961e-01 2.687926292419433594e-01 2.093397378921508789e-01 3.344075977802276611e-01
2.275192141532897949e-01 4.003545641899108887e-01 4.973781406879425049e-01 2.701215147972106934e-01
2.698963284492492676e-01 3.370703160762786865e-01 4.368896782398223877e-01 2.178259193897247314e-01
3.531095683574676514e-01 3.459799289703369141e-01 3.773307204246520996e-01 3.124250769615173340e-01
3.538293540477752686e-01 1.326317191123962402e-01 1.659612953662872314e-01 2.564375400543212891e-01
2.232705503702163696e-01 4.246620833873748779e-01 3.419233262538909912e-01 1.645677238702774048e-01
3.730163872241973877e-01 5.768792331218719482e-02 1.198615357279777527e-01 3.759802579879760742e-01
3.156273663043975830e-01 2.140227407217025757e-01 1.465785652399063110e-01 2.457861602306365967e-01
1.972420886158943176e-02 2.267842441797256470e-01 1.734107434749603271e-01 7.007490098476409912e-02
-1.153245642781257629e-01 5.515946447849273682e-02 1.418198943138122559e-01 6.212777644395828247e-02
5.082850158214569092e-02 1.125761568546295166e-01 1.487480998039245605e-01 1.637967675924301147e-01
6.917855143547058105e-02 1.977896243333816528e-01 7.959225773811340332e-02 1.478256732225418091e-01
1.144216135144233704e-01 7.124850898981094360e-02 -1.840648939833045006e-03 1.193923279643058777e-01
-6.621574610471725464e-02 2.043131887912750244e-01 6.363436579704284668e-02 -8.629424124956130981e-02
8.602619171142578125e-02 -9.861792623996734619e-02 3.387855365872383118e-03 1.951883584260940552e-01
1.726118028163909912e-01 5.664599314332008362e-02 1.679608076810836792e-01 2.252365201711654663e-01
1.006091907620429993e-01 2.390790432691574097e-01 2.552652657032012939e-01 1.240240260958671570e-01
1.012449488043785095e-01 2.560524046421051025e-01 1.269868016242980957e-01 1.164010073989629745e-02
3.069541156291961670e-01 1.543993204832077026e-01 1.369984298944473267e-01 2.089130133390426636e-01
3.059569299221038818e-01 4.294865950942039490e-02 9.387864917516708374e-02 2.991125881671905518e-01
3.088235259056091309e-01 2.878130674362182617e-01 2.173173725605010986e-01 2.796511948108673096e-01
-1.185514032840728760e-01 2.784657180309295654e-01 3.735512793064117432e-01 -4.857366532087326050e-02
1.322249621152877808e-01 2.210572063922882080e-01 2.511712610721588135e-01 1.256428062915802002e-01
4.338395297527313232e-01 2.759598661214113235e-03 7.075305283069610596e-02 4.461764395236968994e-01
2.944837212562561035e-01 1.334678083658218384e-01 -6.799720972776412964e-02 1.875106394290924072e-01
2.093555331230163574e-01 3.876118659973144531e-01 3.524037301540374756e-01 2.560983300209045410e-01
-1.359546482563018799e-01 3.955577909946441650e-01 3.790177106857299805e-01 -4.686751589179039001e-02
-6.239545717835426331e-02 2.165685594081878662e-01 3.694421350955963135e-01 1.347721368074417114e-01
3.993376195430755615e-01 1.177977472543716431e-01 1.339802425354719162e-02 4.317145943641662598e-01
4.097234904766082764e-01 -3.629136085510253906e-02 -6.033723801374435425e-02 3.738677799701690674e-01
2.974482774734497070e-01 2.890928462147712708e-02 4.426059499382972717e-02 1.065916642546653748e-01
1.081874668598175049e-01 3.004907667636871338e-01 3.660477101802825928e-01 -7.140932232141494751e-02
-8.152611553668975830e-02 4.066596627235412598e-01 3.317046463489532471e-01 -1.117663905024528503e-01
1.013299003243446350e-01 5.367946624755859375e-02 2.106621563434600830e-01 2.325975447893142700e-01
2.297927588224411011e-01 -1.875798106193542480e-01 -1.768589615821838379e-01 4.046403169631958008e-01
2.230453640222549438e-01 9.859780222177505493e-02 -1.727383136749267578e-01 2.519159317016601562e-01
-1.207491680979728699e-01 4.241662621498107910e-01 3.647913932800292969e-01 -1.058929711580276489e-01
1.228354200720787048e-01 2.109025865793228149e-01 3.133638501167297363e-01 1.022103130817413330e-01
1.334850043058395386e-01 1.901999413967132568e-01 1.893731504678726196e-01 1.498042941093444824e-01
2.080311179161071777e-01 3.982466086745262146e-02 7.039548456668853760e-02 1.162259504199028015e-01
3.482878506183624268e-01 -1.741220653057098389e-01 -6.576775340363383293e-04 3.444935977458953857e-01
2.268788665533065796e-01 2.447622567415237427e-01 7.292492687702178955e-02 2.173498719930648804e-01
-1.459541078656911850e-02 4.604810476303100586e-01 3.742347359657287598e-01 5.273424461483955383e-02
-1.153750158846378326e-02 1.775391995906829834e-01 3.282037377357482910e-01 1.109101101756095886e-01
1.473712921142578125e-01 2.707891762256622314e-01 2.490419298410415649e-01 2.309193909168243408e-01
5.783007740974426270e-01 1.904229521751403809e-01 8.498688042163848877e-02 5.066856741905212402e-01
2.352852076292037964e-01 1.523413956165313721e-01 1.590503603219985962e-01 1.168591454625129700e-01
2.555762231349945068e-01 2.994013428688049316e-01 2.110664099454879761e-01 1.465201675891876221e-01
2.168650552630424500e-02 2.589676976203918457e-01 3.274815082550048828e-01 1.798625290393829346e-01
2.761807292699813843e-02 6.318049132823944092e-02 2.848092019557952881e-01 1.370623260736465454e-01
2.216783314943313599e-01 1.258935034275054932e-01 8.120656013488769531e-03 1.588774472475051880e-01
2.196188867092132568e-01 2.068024724721908569e-01 7.881180383265018463e-03 7.516832649707794189e-02
8.448536694049835205e-02 -7.404162082821130753e-03 -7.698300480842590332e-02 1.726645529270172119e-01
9.482940286397933960e-02 5.375007167458534241e-02 2.331008315086364746e-01 1.932014971971511841e-01
6.517031043767929077e-02 2.837414145469665527e-01 1.899135708808898926e-01 1.596753597259521484e-01
1.400652974843978882e-01 -5.104021728038787842e-02 4.634166955947875977e-01 1.153395473957061768e-01
5.310019850730895996e-02 5.337536931037902832e-01 1.982828974723815918e-01 2.271739952266216278e-02
4.979754388332366943e-01 2.281140089035034180e-01 -1.292520612478256226e-01 3.170444071292877197e-01
4.121390283107757568e-01 1.894351840019226074e-01 1.663972251117229462e-02 4.412267208099365234e-01
1.529167890548706055e-01 -1.755197346210479736e-02 5.135486721992492676e-01 2.731749415397644043e-01
-2.131685018539428711e-01 1.868787556886672974e-01 5.966111421585083008e-01 3.375466540455818176e-02
2.425940781831741333e-01 5.553116798400878906e-01 2.196522355079650879e-01 1.883584558963775635e-01
5.009858608245849609e-01 4.975821375846862793e-01 -9.060464799404144287e-02 4.411875009536743164e-01
4.452555477619171143e-01 1.190519332885742188e-01 2.185259014368057251e-02 3.513528704643249512e-01
2.015238851308822632e-01 -1.894024908542633057e-01 5.321617126464843750e-01 2.281743437051773071e-01
1.469309031963348389e-01 6.276835501194000244e-02 4.356340467929840088e-01 2.330376207828521729e-02
1.543908119201660156e-01 4.897598922252655029e-01 1.260653436183929443e-01 -3.238767152652144432e-03
2.725146710872650146e-01 5.734975337982177734e-01 -1.562367826700210571e-01 2.764155864715576172e-01
-3.721614181995391846e-02 8.409808389842510223e-03 4.020733386278152466e-02 3.098853826522827148e-01
-9.667813032865524292e-02 -3.681063950061798096e-01 3.014565110206604004e-01 2.865355014801025391e-01
-1.987003535032272339e-02 1.263576000928878784e-01 5.424580574035644531e-01 2.098212391138076782e-02
3.078017234802246094e-01 5.630499124526977539e-01 1.084295585751533508e-01 2.200444340705871582e-01
4.506849348545074463e-01 4.490924477577209473e-01 9.007170051336288452e-02 -4.174825921654701233e-02
4.731362164020538330e-01 3.639572858810424805e-01 -8.561148494482040405e-02 3.052643835544586182e-01
3.624015152454376221e-01 -4.175509512424468994e-01 -8.838418871164321899e-02 3.042170405387878418e-01
-4.295575022697448730e-01 -4.633436799049377441e-01 5.809353590011596680e-01 3.901126980781555176e-02
-2.356319874525070190e-01 3.808178901672363281e-01 4.010058641433715820e-01 1.512167453765869141e-01
6.957716494798660278e-02 7.825956940650939941e-01 4.630006849765777588e-02 1.091787815093994141e-01
4.312063455581665039e-01 7.322409749031066895e-01 -2.831433415412902832e-01 3.388039767742156982e-01
4.499379396438598633e-01 -2.334463596343994141e-01 1.009424105286598206e-01 2.238361239433288574e-01
4.074139595031738281e-01 -6.683974266052246094e-01 6.266226172447204590e-01 -2.756309695541858673e-02
2.088927179574966431e-01 1.005460768938064575e-01 3.656343519687652588e-01 1.247576698660850525e-01
1.306134313344955444e-01 7.446020245552062988e-01 8.158403635025024414e-02 4.327420592308044434e-01
-6.005726382136344910e-02 7.896063327789306641e-01 2.478727549314498901e-01 3.984874486923217773e-01
3.720139563083648682e-01 3.957838118076324463e-01 2.302298396825790405e-01 4.276808202266693115e-01
1.907250732183456421e-01 -4.396857228130102158e-03 3.593545854091644287e-01 3.585552871227264404e-01
4.415864050388336182e-01 -8.750197291374206543e-02 4.372358024120330811e-01 2.197873741388320923e-01
3.970268964767456055e-01 4.658897519111633301e-01 2.582406103610992432e-01 3.357461094856262207e-02
3.763824105262756348e-01 4.371726214885711670e-01 3.514527678489685059e-01 1.596426963806152344e-01
4.256110489368438721e-01 3.933372497558593750e-01 -4.528225213289260864e-02 4.581729173660278320e-01
-7.304650545120239258e-02 2.684908807277679443e-01 1.888687759637832642e-01 4.898501634597778320e-01
-6.100221723318099976e-02 -3.859346508979797363e-01 5.642132759094238281e-01 3.772859871387481689e-01
1.089734584093093872e-01 3.075737953186035156e-01 5.291031599044799805e-01 -1.983539946377277374e-02
4.607138633728027344e-01 7.442086338996887207e-01 2.059754682704806328e-03 7.720796018838882446e-02
7.175977230072021484e-01 5.738192200660705566e-01 -1.911050826311111450e-01 9.614513814449310303e-02
2.683080136775970459e-01 -2.193792015314102173e-01 7.836092263460159302e-02 5.189968347549438477e-01
-8.099037408828735352e-02 -5.971926450729370117e-01 4.827994108200073242e-01 2.778234481811523438e-01
-3.616196215152740479e-01 2.485066205263137817e-01 6.406472921371459961e-01 1.412518322467803955e-01
2.566036880016326904e-01 8.119864463806152344e-01 3.717550262808799744e-02 -1.066548973321914673e-01
5.051202774047851562e-01 7.878495454788208008e-01 -2.841497361660003662e-01 2.594496011734008789e-01
1.208347156643867493e-01 -1.350490003824234009e-01 6.502422690391540527e-02 2.484777718782424927e-01
1.562339961528778076e-01 -6.122567653656005859e-01 2.744458317756652832e-01 3.615624606609344482e-01
1.916071325540542603e-01 -1.948954612016677856e-01 6.465430259704589844e-01 1.879056096076965332e-01
3.727938830852508545e-01 7.622878551483154297e-01 1.502187848091125488e-01 -3.912756592035293579e-02
3.484106063842773438e-01 8.679686784744262695e-01 4.334979876875877380e-02 1.328039020299911499e-01
4.905956611037254333e-02 5.040982365608215332e-01 1.129929944872856140e-01 2.214550822973251343e-01
8.601341396570205688e-02 -4.894941747188568115e-01 1.435072273015975952e-01 4.209205508232116699e-01
-8.950344473123550415e-02 -5.099648833274841309e-01 3.247441351413726807e-01 4.025153219699859619e-01
2.048811763525009155e-01 4.651230275630950928e-01 3.345173299312591553e-01 2.220578491687774658e-01
3.746707141399383545e-01 7.628654837608337402e-01 2.055798321962356567e-01 -1.528345942497253418e-01
5.540263056755065918e-01 7.288798093795776367e-01 -2.359995059669017792e-02 3.398690372705459595e-02
3.137069642543792725e-01 -4.242358207702636719e-01 8.544327318668365479e-02 3.064255714416503906e-01
2.332456409931182861e-02 -6.776455044746398926e-01 2.419151216745376587e-01 3.510361909866333008e-01
-2.688685655593872070e-01 5.118141174316406250e-01 5.209221839904785156e-01 5.170792341232299805e-01
7.028002291917800903e-03 8.975488543510437012e-01 3.723382055759429932e-01 3.269948661327362061e-01
5.191035866737365723e-01 8.237425088882446289e-01 1.611119806766510010e-01 -1.701449006795883179e-01
6.530324220657348633e-01 9.381876885890960693e-02 -9.250317700207233429e-03 -1.882126368582248688e-02
5.660668015480041504e-01 -6.898552775382995605e-01 -4.985855892300605774e-02 3.269369304180145264e-01
2.564536780118942261e-02 -5.868070125579833984e-01 3.211892545223236084e-01 3.355485200881958008e-01
-3.734284639358520508e-01 7.718632817268371582e-01 4.806420803070068359e-01 4.774990677833557129e-01
1.464372575283050537e-01 9.183698296546936035e-01 3.773397207260131836e-01 1.296301633119583130e-01
3.309650719165802002e-01 8.938736915588378906e-01 1.736448258161544800e-01 1.060738116502761841e-01
4.874223172664642334e-01 3.794435784220695496e-02 -2.921262383460998535e-02 2.484956681728363037e-01
5.387172698974609375e-01 -8.080331087112426758e-01 1.491974592208862305e-01 1.952691078186035156e-01
2.963303923606872559e-01 -4.037681221961975098e-01 2.797796428203582764e-01 3.055369257926940918e-01
-1.398020684719085693e-01 7.036180496215820312e-01 4.431522190570831299e-01 1.998576819896697998e-01
-9.343706071376800537e-02 9.408352971076965332e-01 2.335126549005508423e-01 2.564383149147033691e-01
1.412146538496017456e-01 8.508241772651672363e-01 1.141936480998992920e-01 9.166412055492401123e-02
4.207140207290649414e-01 -3.034859001636505127e-01 -1.346962153911590576e-01 1.431893650442361832e-02
4.521690309047698975e-01 -7.682814002037048340e-01 4.036657884716987610e-02 1.761040836572647095e-01
1.419445425271987915e-01 -4.907428324222564697e-01 2.516670227050781250e-01 2.285819500684738159e-01
-8.734228461980819702e-02 7.045172452926635742e-01 5.159346461296081543e-01 5.332906171679496765e-02
-2.334776520729064941e-01 9.358900785446166992e-01 1.854007691144943237e-01 1.518873870372772217e-01
1.265945285558700562e-01 8.028841614723205566e-01 -5.478571355342864990e-02 2.920108735561370850e-01
6.996927261352539062e-01 -4.151615798473358154e-01 -3.627616465091705322e-01 2.980860173702239990e-01
5.138702392578125000e-01 -7.185317873954772949e-01 2.749853432178497314e-01 8.920049667358398438e-02
-4.997710138559341431e-02 -2.770819365978240967e-01 6.721877455711364746e-01 -7.621747255325317383e-02
3.231926634907722473e-02 8.159638643264770508e-01 6.087747812271118164e-01 7.121721655130386353e-02
4.925983026623725891e-02 9.339854121208190918e-01 -1.476148217916488647e-01 4.071865677833557129e-01
3.178688585758209229e-01 7.770706415176391602e-01 -4.354499280452728271e-01 3.768391907215118408e-01
1.923194527626037598e-01 -5.825062990188598633e-01 1.162000745534896851e-01 3.704831898212432861e-01
3.586192131042480469e-01 -6.846387386322021484e-01 6.219452619552612305e-01 1.329073309898376465e-01
5.478234216570854187e-02 1.939086019992828369e-01 7.916010618209838867e-01 -1.770257502794265747e-01
2.294228076934814453e-01 8.426918983459472656e-01 4.187882542610168457e-01 1.073397174477577209e-01
3.193092942237854004e-01 9.094249606132507324e-01 -5.604458451271057129e-01 3.951232433319091797e-01
2.114992588758468628e-01 5.798537135124206543e-01 -4.550893604755401611e-01 5.349022746086120605e-01
2.805035114288330078e-01 -7.868197560310363770e-01 4.397870302200317383e-01 4.495572447776794434e-01
1.828100681304931641e-01 -6.900012493133544922e-01 8.163515925407409668e-01 -2.096784859895706177e-02
2.813931107521057129e-01 4.649768173694610596e-01 8.500501513481140137e-01 -3.901833593845367432e-01
1.471795588731765747e-01 9.229207038879394531e-01 4.741704463958740234e-02 6.207053735852241516e-02
3.199754357337951660e-01 8.830057978630065918e-01 -6.484686732292175293e-01 5.390831232070922852e-01
5.184624344110488892e-02 4.119688272476196289e-01 -5.226729512214660645e-01 7.052537202835083008e-01
-2.063226699829101562e-01 -8.652553558349609375e-01 6.257975697517395020e-01 3.982513248920440674e-01
2.044604122638702393e-01 -7.877193689346313477e-01 8.420763015747070312e-01 -1.228031069040298462e-01
4.380822181701660156e-01 4.515018165111541748e-01 8.246805071830749512e-01 -5.389137864112854004e-01
3.936704695224761963e-01 9.237397909164428711e-01 -2.763324603438377380e-02 -8.250162005424499512e-02
3.078349530696868896e-01 8.946905732154846191e-01 -7.190504670143127441e-01 6.042626500129699707e-01
1.669741570949554443e-01 3.154706656932830811e-01 -5.168378353118896484e-01 7.213495969772338867e-01
7.364791631698608398e-02 -8.681357502937316895e-01 5.787494778633117676e-01 4.603817164897918701e-01
-4.064761102199554443e-03 -5.836547017097473145e-01 9.044944643974304199e-01 1.642337441444396973e-01
1.640625894069671631e-01 6.599855422973632812e-01 8.922400474548339844e-01 -5.968748331069946289e-01
3.843435645103454590e-01 9.322953820228576660e-01 2.398418635129928589e-01 -1.386492103338241577e-01
3.830398619174957275e-01 8.948369026184082031e-01 -6.879373788833618164e-01 6.084073185920715332e-01
2.923531830310821533e-01 2.795967757701873779e-01 -5.730723142623901367e-01 7.882650494575500488e-01
3.753427565097808838e-01 -8.665863871574401855e-01 4.872549474239349365e-01 6.411210298538208008e-01
-1.338195949792861938e-01 -5.469121932983398438e-01 8.937051892280578613e-01 -1.961909681558609009e-01
4.769780673086643219e-03 6.483711600303649902e-01 9.263792037963867188e-01 -3.262465596199035645e-01
3.419262766838073730e-01 8.838604688644409180e-01 3.396233618259429932e-01 -2.165143787860870361e-01
3.643148839473724365e-01 8.332898616790771484e-01 -7.114071846008300781e-01 6.213957071304321289e-01
1.423056870698928833e-01 3.815680742263793945e-01 -6.641029119491577148e-01 8.472206592559814453e-01
5.439808368682861328e-01 -8.560276627540588379e-01 2.961038649082183838e-01 6.155955791473388672e-01
3.018873929977416992e-01 -7.335104346275329590e-01 9.028336405754089355e-01 -2.499540522694587708e-02
-1.808959096670150757e-01 5.901495814323425293e-01 9.745422601699829102e-01 -7.278331518173217773e-01
-1.863855868577957153e-01 8.949787616729736328e-01 7.880862355232238770e-01 -3.020881116390228271e-01
2.571434974670410156e-01 9.004715681076049805e-01 -7.666713595390319824e-01 5.442169904708862305e-01
4.702637195587158203e-01 4.927942752838134766e-01 -8.166121840476989746e-01 9.020098447799682617e-01
6.091878414154052734e-01 -7.490695714950561523e-01 -3.764373064041137695e-01 8.182823061943054199e-01
4.740366935729980469e-01 -8.441132307052612305e-01 8.337911367416381836e-01 7.852135598659515381e-02
-3.178630769252777100e-01 1.374118179082870483e-01 9.868360161781311035e-01 -6.620144248008728027e-01
-2.365748137235641479e-01 8.688856363296508789e-01 9.593127965927124023e-01 -6.551872491836547852e-01
-1.644003391265869141e-01 9.003684520721435547e-01 2.429394610226154327e-02 3.372023999691009521e-01
4.029761254787445068e-01 7.307662963867187500e-01 -8.183240890502929688e-01 8.363310694694519043e-01
4.704055786132812500e-01 -2.546235024929046631e-01 -7.119898200035095215e-01 9.114825725555419922e-01
6.624981760978698730e-01 -8.477616310119628906e-01 4.683801829814910889e-01 7.484070062637329102e-01
7.318004965782165527e-01 -2.117943614721298218e-01 9.569317102432250977e-01 -3.971875905990600586e-01
2.072063088417053223e-02 7.344247102737426758e-01 9.876958727836608887e-01 -7.843064665794372559e-01
-3.634463250637054443e-01 9.208527803421020508e-01 8.641020655632019043e-01 -2.398326396942138672e-01
-1.524375230073928833e-01 8.674684166908264160e-01 -6.116051077842712402e-01 7.482191324234008789e-01
3.392230272293090820e-01 4.632902145385742188e-01 -8.115375638008117676e-01 9.554747939109802246e-01
4.444848597049713135e-01 -7.735462188720703125e-01 -3.864042460918426514e-01 9.123660922050476074e-01
7.441909313201904297e-01 -8.531601428985595703e-01 8.320908546447753906e-01 3.788256943225860596e-01
4.668020606040954590e-01 2.526499629020690918e-01 9.883489012718200684e-01 -6.770147681236267090e-01
1.385812014341354370e-01 8.722757101058959961e-01 9.853042960166931152e-01 -8.423538804054260254e-01
-2.997184991836547852e-01 9.594798088073730469e-01 4.387898743152618408e-01 -5.203310027718544006e-02
-3.955869376659393311e-01 7.954208254814147949e-01 -6.332511305809020996e-01 8.995266556739807129e-01
3.115052729845046997e-02 3.919740766286849976e-02 -8.597558140754699707e-01 9.701145291328430176e-01
5.823811888694763184e-01 -8.394005894660949707e-01 -3.714594244956970215e-01 9.157878160476684570e-01
8.395618200302124023e-01 -8.099538087844848633e-01 7.370739579200744629e-01 8.354701101779937744e-02
7.320010662078857422e-01 3.001099526882171631e-01 9.858940243721008301e-01 -7.467614412307739258e-01
-6.075090542435646057e-02 8.832168579101562500e-01 9.924443960189819336e-01 -7.688614130020141602e-01
-4.031638205051422119e-01 9.589135646820068359e-01 5.786854624748229980e-01 7.737175375223159790e-02
-1.518878936767578125e-01 8.205761313438415527e-01 -6.284798383712768555e-01 8.231590986251831055e-01
2.062959820032119751e-01 2.673574686050415039e-01 -8.445567488670349121e-01 9.594204425811767578e-01
